0 0 0 0 0 0 0 0 0
0 0 0 0 0 0 0 0 0
0 0 0 0 0 0 0 0 0
0 0 0 0 0 0 0 0 0
0 0 0 0 0 0 0 0 0
0 0 0 0 0 0 0 0 0
0 0 0 0 0 0 0 0 0
0 0 0 0 0 0 0 0 0
0 0 0 0 0 0 0 0 0
29
3
2
0 0 0 1
25
4
1 0 1 1 2 0 2 1
15
3
0 2 0 3 0 4
17
2
1 2 1 3
9
3
2 2 2 3 3 3
22
4
0 5 1 5 1 4 2 4
8
3
2 5 3 5 4 5
4
2
0 6 1 6
16
2
0 7 1 7
15
4
0 8 1 8 2 8 3 8
20
3
2 6 2 7 3 6
6
2
3 0 4 0
14
2
3 1 3 2
13
3
4 1 4 2 5 1
6
3
5 2 6 2 6 1
27
4
5 0 6 0 7 0 8 0
17
3
3 4 4 4 5 4
20
3
4 3 5 3 6 3
20
3
5 5 6 5 6 6
17
3
3 7 4 7 4 6
12
2
4 8 5 8
6
2
5 6 5 7
8
2
7 1 8 1
16
2
7 2 8 2
10
4
6 4 7 4 7 3 8 3
13
3
8 4 8 5 8 6
15
2
7 5 7 6
14
4
6 7 6 8 7 7 7 8
17
2
8 7 8 8